;+
; _WAVE  = 'um'
; _K_ABS = 'cm+2 g-1'
;-

;~ WAVE K_ABS
1.0E-03   1.000
8.21356	447.552
8.34076	545.455
8.45135	657.343
8.54463	783.217
8.6011	909.091
8.63895	1062.94
8.67696	1146.85
8.79201	1454.55
8.85011	1762.24
8.90859	1888.11
8.94779	2069.93
8.96746	2209.79
8.98717	2573.43
9.00692	2979.02
9.04655	3328.67
9.08636	3692.31
9.08636	3692.31
9.10633	3832.17
9.12635	4181.82
9.1464	4321.68
9.16651	4461.54
9.18665	4601.4
9.20684	4811.19
9.30846	5034.97
9.36997	5020.98
9.41121	4881.12
9.43189	4643.36
9.45262	4125.87
9.49421	3650.35
9.51508	2839.16
9.55695	2503.5
9.59901	2265.73
9.6201	2125.87
9.64125	1986.01
9.66244	1804.2
9.72628	2027.97
9.74766	2363.64
9.79056	2685.31
9.83364	3160.84
9.87691	3314.69
9.94218	3034.97
9.96403	2741.26
9.98593	2517.48
10.0079	2377.62
10.0519	2391.61
10.0961	2587.41
10.1406	2811.19
10.1629	3062.94
10.23	3398.6
10.2525	3538.46
10.275	3678.32
10.2976	3958.04
10.3429	4097.9
10.4801	4097.9
10.5493	4321.68
10.5725	4699.3
10.5957	4979.02
10.619	5188.81
10.6892	5258.74
10.7362	5006.99
10.7598	4629.37
10.8072	4167.83
10.8309	3944.06
10.8547	3692.31
10.9025	3328.67
10.9505	2979.02
10.9505	2979.02
10.9745	2825.17
11.0471	2951.05
11.0713	3118.88
11.1201	3244.76
11.169	3174.83
11.2181	2685.31
11.2675	2447.55
11.2923	2265.73
11.3171	2097.9
11.342	1972.03
11.442	1972.03
11.4924	2181.82
11.5176	2643.36
11.5429	2951.05
11.5937	3230.77
11.6192	3426.57
11.6447	3594.41
11.696	3664.34
11.7733	3398.6
11.8251	2755.24
11.8511	2447.55
11.9032	2027.97
11.9556	1650.35
11.9819	1412.59
12.0346	1202.8
12.0876	1034.97
12.1674	867.133
12.221	741.259
12.3288	643.357
12.4648	517.483
12.6579	433.566
12.8822	363.636
13.1681	321.678
13.372	405.594
13.4604	545.455
13.5493	587.413
13.6989	657.343
13.7592	727.273
13.8501	741.259
13.911	601.399
13.9416	587.413
13.9722	475.524
14.0337	447.552
14.0646	405.594
14.1265	377.622
14.2511	447.552
14.3768	545.455
14.5994	657.343
14.793	629.371
14.8907	503.497
15.0882	573.427
15.1879	797.203
15.2882	965.035
15.3893	1090.91
15.5591	1048.95
15.6276	783.217
15.7309	643.357
15.9045	517.483
16.2219	531.469
16.4731	629.371
16.6915	741.259
16.95	1034.97
17.0995	1272.73
17.1747	1412.59
17.2125	1566.43
17.2503	1706.29
17.4025	2209.79
17.4407	2349.65
17.4791	2489.51
17.5175	2629.37
17.556	2769.23
17.7497	2811.19
17.9457	2825.17
18.1437	2909.09
18.2236	3118.88
18.3038	3244.76
18.4652	3342.66
18.5872	3258.74
18.71	3174.83
18.8337	3272.73
18.9166	3650.35
18.9581	3818.18
18.9998	3916.08
19.0416	4055.94
19.0834	4195.8
19.1254	4377.62
19.2095	4587.41
19.2517	4727.27
19.294	4867.13
19.4215	5118.88
19.507	5160.84
19.6791	4881.12
19.7223	4741.26
19.7657	4601.4
19.8091	4433.57
19.8526	4293.71
19.94	4013.99
19.9838	3874.13
20.0718	3566.43
20.1159	3426.57
20.1601	3286.71
20.2044	3076.92
20.2488	2937.06
20.3379	2657.34
20.4723	2531.47
20.6076	2881.12
20.6529	3020.98
20.8808	2657.34
20.9267	2377.62
21.0188	2195.8
21.1113	1958.04
21.3443	1846.15
21.4382	1986.01
21.4853	2139.86
21.5326	2279.72
21.6748	2377.62
21.9141	2279.72
22.0105	2041.96
22.1074	2027.97
22.2047	1888.11
22.3514	1762.24
22.7474	1804.2
22.8475	1944.06
23.049	2293.71
23.3034	2321.68
23.509	2195.8
23.7163	2069.93
23.8207	1874.13
23.9255	1734.27
24.0308	1566.43
24.1896	1426.57
24.296	1300.7
24.4029	1370.63
24.6723	1412.59
24.7265	1286.71
25.0544	1104.9
25.3309	1216.78
25.7232	1370.63
25.8932	1510.49
26.0643	1748.25
26.2365	1888.11
26.4679	2013.99
26.8189	1916.08
26.9961	1790.21
27.1745	1650.35
27.4142	1538.46
27.7168	1594.41
27.9612	1720.28
28.2078	1832.17
28.3942	1706.29
28.5192	1552.45
28.834	1538.46
28.9609	1664.34
29.5388	1272.73
29.6688	1132.87
29.8648	1006.99
29.9962	867.133
30.3273	755.245
30.662	937.063
30.9325	965.035
31.3426	853.147
31.5497	713.287
31.7582	587.413
32.0383	489.51
32.4632	503.497
32.6777	643.357
32.8936	769.231
32.9659	881.119
33.2567	783.217
33.3298	727.273
33.6237	755.245
33.7717	825.175
33.9203	853.147
34.0696	769.231
34.1444	713.287
34.2947	671.329
34.5213	685.315
34.5972	755.245
34.8258	811.189
34.9791	951.049
35.133	1090.91
35.5208	1104.9
36.3092	657.343
36.6295	531.469
37.2785	349.65
37.8558	265.734
38.442	251.748
39.0374	195.804
39.729	237.762
40.1675	475.524
40.3443	615.385
40.433	727.273
40.9691	755.245
41.1494	601.399
41.5123	475.524
41.695	377.622
42.3407	377.622
42.7142	699.301
42.808	867.133
43.0909	993.007
43.471	909.091
43.8544	783.217
44.4359	797.203
44.7295	923.077
44.9264	1062.94
45.1241	1090.91
45.3226	965.035
45.5221	825.175
45.8229	699.301
46.0245	559.441
46.5325	433.566
47.0461	349.65
47.5654	293.706
49.4827	153.846
50.4701	139.86
51.4772	139.86
55.5886	69.9301
56.5736	69.9301
57.5759	69.9301
58.3394	69.9301
59.5035	69.9301
60.6909	69.9301
61.902	55.9441
63.6942	55.9441
64.8227	69.9301
65.108	69.9301
65.3945	139.86
65.9713	237.762
66.6994	125.874
67.5838	41.958
68.9325	41.958
70.0000 55.9441
71.3969	41.958
72.6619	27.972
74.2747	27.972
