;~     NAME         WAVE0      EP  MASK
     'FeII'  5.340169E+00    7.90     0
     'FeII'  5.673905E+00    7.90     0
      'NiI'  5.893300E+00    0.00     0
     'NiII'  6.636000E+00    7.64     0
     'FeII'  6.721283E+00    7.90     0
     'ArII'  6.985274E+00   15.76     0
     'NeVI'  7.652400E+00  126.21     0
    'ArIII'  8.991380E+00   27.63     0
      'SIV'  1.051050E+01   34.79     0
     'NeII'  1.281355E+01   21.56     0
      'NeV'  1.432170E+01   97.12     0
     'ClII'  1.436780E+01   12.97    -1
    'NeIII'  1.555510E+01   40.96     0
     'FeII'  1.793595E+01    7.90    -1
     'SIII'  1.871300E+01   23.34     0
      'NeV'  2.431750E+01   97.12     0
     'FeII'  2.451925E+01    7.90    -1
      'OIV'  2.589030E+01   54.93     0
     'SIII'  3.348100E+01   23.34     0
     'SiII'  3.481520E+01    8.15     0
    'NeIII'  3.601350E+01   40.96     0
